{
 "cells": [
  {
   "cell_type": "code",
   "execution_count": 22,
   "metadata": {},
   "outputs": [
    {
     "name": "stdout",
     "output_type": "stream",
     "text": [
      "This algorithm is intended for executing k-nearest neighbours algorithm.\n",
      "\n",
      "Enter the number of datapoints: 10\n",
      "Enter the number of features: 2\n",
      "Enter the unknown datapoint:\n",
      "2.2\n",
      "3\n",
      "Dataset - 0\n",
      "4.2\n",
      "2.8\n",
      "1\n",
      "Dataset - 1\n",
      "4\n",
      "2\n",
      "1\n",
      "Dataset - 2\n",
      "3.8\n",
      "0.5\n",
      "1\n",
      "Dataset - 3\n",
      "2\n",
      "1.5\n",
      "1\n",
      "Dataset - 4\n",
      "2.7\n",
      "2.5\n",
      "1\n",
      "Dataset - 5\n",
      "1.7\n",
      "3.2\n",
      "0\n",
      "Dataset - 6\n",
      "2.7\n",
      "4\n",
      "0\n",
      "Dataset - 7\n",
      "1.2\n",
      "5.2\n",
      "0\n",
      "Dataset - 8\n",
      "2.2\n",
      "6.2\n",
      "0\n",
      "Dataset - 9\n",
      "0.3\n",
      "6.2\n",
      "0\n",
      "\n",
      "Dataset =  [[4.2, 2.8, 1.0, 2.009975124224178], [4.0, 2.0, 1.0, 2.0591260281974], [3.8, 0.5, 1.0, 2.9681644159311658], [2.0, 1.5, 1.0, 1.5132745950421556], [2.7, 2.5, 1.0, 0.7071067811865476], [1.7, 3.2, 0.0, 0.5385164807134507], [2.7, 4.0, 0.0, 1.118033988749895], [1.2, 5.2, 0.0, 2.4166091947189146], [2.2, 6.2, 0.0, 3.2], [0.3, 6.2, 0.0, 3.721558813185679]]\n",
      "\n",
      "The value of k: 3\n",
      "\n",
      "Dataset after distance-wise sorting =  [[1.7, 3.2, 0.0, 0.5385164807134507], [2.7, 2.5, 1.0, 0.7071067811865476], [2.7, 4.0, 0.0, 1.118033988749895], [2.0, 1.5, 1.0, 1.5132745950421556], [4.2, 2.8, 1.0, 2.009975124224178], [4.0, 2.0, 1.0, 2.0591260281974], [1.2, 5.2, 0.0, 2.4166091947189146], [3.8, 0.5, 1.0, 2.9681644159311658], [2.2, 6.2, 0.0, 3.2], [0.3, 6.2, 0.0, 3.721558813185679]]\n",
      "\n",
      "The datapoint belongs to class-0(CAT)\n"
     ]
    }
   ],
   "source": [
    "import math\n",
    "from operator import itemgetter\n",
    "\n",
    "print(\"This algorithm is intended for executing k-nearest neighbours algorithm.\\n\")\n",
    "\n",
    "num_of_data = int(input(\"Enter the number of datapoints: \"))\n",
    "num_of_features = int(input(\"Enter the number of features: \"))\n",
    "unknown_point = list()\n",
    "print(\"Enter the unknown datapoint:\")\n",
    "for x in range(num_of_features):\n",
    "    unknown_point.append(float(input()))\n",
    "    \n",
    "value_of_k = int(math.sqrt(num_of_data))\n",
    "if((value_of_k % 2) == 0):\n",
    "    value_of_k = value_of_k + 1\n",
    "    \n",
    "dataset = []\n",
    "for i in range(num_of_data):\n",
    "    sq_dist = 0.0\n",
    "    print(\"Dataset -\", i)\n",
    "    dataset.append([])\n",
    "    for j in range(num_of_features + 2):\n",
    "        if(j < num_of_features):\n",
    "            dataset[i].append(float(input()))\n",
    "            sq_dist = sq_dist + ((dataset[i][j] - unknown_point[j]) * (dataset[i][j] - unknown_point[j]))\n",
    "        elif(j == num_of_features):\n",
    "            dataset[i].append(float(input()))\n",
    "        else:\n",
    "            dataset[i].append(math.sqrt(sq_dist))\n",
    "        \n",
    "print(\"\\nDataset = \", dataset)\n",
    "print(\"\\nThe value of k:\", value_of_k)\n",
    "dataset = sorted(dataset, key=itemgetter(num_of_features + 1))\n",
    "print(\"\\nDataset after distance-wise sorting = \", dataset)\n",
    "\n",
    "count0 = 0\n",
    "count1 = 0\n",
    "for k in range(value_of_k):\n",
    "    if(dataset[k][num_of_features] == 0.0):\n",
    "        count0 = count0 + 1\n",
    "    else:\n",
    "        count1 = count1 + 1\n",
    "        \n",
    "if(count0> count1):\n",
    "    print(\"\\nThe datapoint belongs to class-0(CAT)\")\n",
    "else:\n",
    "    print(\"\\nThe datapoint belongs to class-1(DOG)\")"
   ]
  }
 ],
 "metadata": {
  "kernelspec": {
   "display_name": "Python 3",
   "language": "python",
   "name": "python3"
  },
  "language_info": {
   "codemirror_mode": {
    "name": "ipython",
    "version": 3
   },
   "file_extension": ".py",
   "mimetype": "text/x-python",
   "name": "python",
   "nbconvert_exporter": "python",
   "pygments_lexer": "ipython3",
   "version": "3.7.0"
  }
 },
 "nbformat": 4,
 "nbformat_minor": 2
}
